Entrada 1	     	Entrada 2	     	Entrada 3	     	Entrada 4	     	Coincidencias
        0	     	        0	     	     1411	     	    29933	     	     1742
        0	     	        0	     	     2449	     	    30957	     	     1809
        0	     	        0	     	      878	     	    28456	     	     1734
        0	     	        0	     	     1142	     	    29160	     	     1721
        0	     	        0	     	     1435	     	    27178	     	     1732
        0	     	        0	     	     1978	     	    28524	     	     1700
        0	     	        0	     	     2007	     	    28974	     	     1745
        0	     	        0	     	     1703	     	    29171	     	     1744
        0	     	        0	     	     2079	     	    28385	     	     1755
        0	     	        0	     	     2015	     	    29966	     	     1724
        0	     	        0	     	     3254	     	    33483	     	     1845
        0	     	        0	     	     1214	     	    30247	     	     1730
        0	     	        0	     	     1027	     	    28528	     	     1754
        0	     	        0	     	     1930	     	    28831	     	     1653
        0	     	        0	     	     1790	     	    28690	     	     1663
        0	     	        0	     	     1633	     	    29527	     	     1719
        0	     	        0	     	     1660	     	    28363	     	     1815
        0	     	        0	     	     1553	     	    27668	     	     1715
        0	     	        0	     	     1584	     	    29888	     	     1693
        0	     	        0	     	     1602	     	    29972	     	     1757
        0	     	        0	     	     1262	     	    29385	     	     1663
        0	     	        0	     	      639	     	    30030	     	     1784
        0	     	        0	     	     1399	     	    29821	     	     1771
        0	     	        0	     	     1832	     	    30062	     	     1762
        0	     	        0	     	     2702	     	    33244	     	     1769
        0	     	        0	     	     2317	     	    30106	     	     1698
        0	     	        0	     	     2764	     	    33817	     	     1773
        0	     	        0	     	     2217	     	    31023	     	     1731
        0	     	        0	     	     1373	     	    30016	     	     1782
        0	     	        0	     	      873	     	    28585	     	     1805
        0	     	        0	     	     1998	     	    28393	     	     1765
        0	     	        0	     	     1728	     	    28995	     	     1851
        0	     	        0	     	     3239	     	    33284	     	     1784
        0	     	        0	     	     1790	     	    28636	     	     1789
        0	     	        0	     	     1790	     	    29522	     	     1731
        0	     	        0	     	     1435	     	    29107	     	     1728
        0	     	        0	     	     1843	     	    29729	     	     1756
        0	     	        0	     	     2446	     	    29527	     	     1674
        0	     	        0	     	     3505	     	    33198	     	     1732
        0	     	        0	     	     1866	     	    28817	     	     1695
        0	     	        0	     	     1594	     	    29427	     	     1837
        0	     	        0	     	     1256	     	    29713	     	     1756
        0	     	        0	     	     1418	     	    29739	     	     1736
        0	     	        0	     	     1183	     	    30469	     	     1703
        0	     	        0	     	     1987	     	    29644	     	     1791
        0	     	        0	     	     1636	     	    29634	     	     1712
        0	     	        0	     	     2969	     	    34242	     	     1782
        0	     	        0	     	     1887	     	    29360	     	     1770
        0	     	        0	     	     2671	     	    34052	     	     1769
        0	     	        0	     	     1829	     	    29430	     	     1806
        0	     	        0	     	     3634	     	    32438	     	     1752
        0	     	        0	     	     1867	     	    28771	     	     1728
        0	     	        0	     	     1770	     	    29162	     	     1723
        0	     	        0	     	     1690	     	    29662	     	     1717
        0	     	        0	     	     3751	     	    34054	     	     1740
        0	     	        0	     	     1572	     	    28454	     	     1698
        0	     	        0	     	     2595	     	    33120	     	     1728
        0	     	        0	     	     1789	     	    29502	     	     1659
        0	     	        0	     	     2000	     	    30184	     	     1758
        0	     	        0	     	      594	     	    26387	     	     1722
        0	     	        0	     	     1779	     	    29217	     	     1753
        0	     	        0	     	     1891	     	    28756	     	     1697
        0	     	        0	     	     3720	     	    32693	     	     1779
        0	     	        0	     	     2520	     	    29386	     	     1763
        0	     	        0	     	     1133	     	    29113	     	     1746
        0	     	        0	     	     1917	     	    30587	     	     1773
        0	     	        0	     	     2041	     	    29522	     	     1773
        0	     	        0	     	     2109	     	    30683	     	     1734
        0	     	        0	     	     1499	     	    28708	     	     1722
        0	     	        0	     	     1816	     	    29605	     	     1707
        0	     	        0	     	     2284	     	    32879	     	     1791
        0	     	        0	     	      688	     	    29317	     	     1765
        0	     	        0	     	     1209	     	    28607	     	     1663
        0	     	        0	     	     1343	     	    29647	     	     1765
        0	     	        0	     	     1624	     	    31140	     	     1780
        0	     	        0	     	     1647	     	    29143	     	     1741
        0	     	        0	     	     3397	     	    34320	     	     1781
        0	     	        0	     	     1336	     	    31227	     	     1761
        0	     	        0	     	     1632	     	    28720	     	     1727
        0	     	        0	     	     1889	     	    30152	     	     1773
        0	     	        0	     	     3358	     	    30692	     	     1800
        0	     	        0	     	     1630	     	    28873	     	     1727
        0	     	        0	     	     1922	     	    29295	     	     1718
        0	     	        0	     	     1570	     	    30035	     	     1797
        0	     	        0	     	     2055	     	    29563	     	     1719
        0	     	        0	     	     1489	     	    29502	     	     1796
        0	     	        0	     	     1362	     	    29049	     	     1789
        0	     	        0	     	     1039	     	    29580	     	     1788
        0	     	        0	     	     2001	     	    30603	     	     1672
        0	     	        0	     	     1942	     	    29753	     	     1765
        0	     	        0	     	     1893	     	    29850	     	     1633
        0	     	        0	     	     1848	     	    29918	     	     1769
        0	     	        0	     	     1498	     	    30508	     	     1758
        0	     	        0	     	     1229	     	    30435	     	     1829
        0	     	        0	     	     1574	     	    30485	     	     1772
        0	     	        0	     	     2091	     	    29603	     	     1791
        0	     	        0	     	     1116	     	    30317	     	     1795
        0	     	        0	     	     1417	     	    29562	     	     1758
        0	     	        0	     	     2076	     	    29012	     	     1769
        0	     	        0	     	     1650	     	    30484	     	     1724
        0	     	        0	     	     1900	     	    29579	     	     1661
        0	     	        0	     	      885	     	    29116	     	     1716
        0	     	        0	     	     3153	     	    34087	     	     1756
        0	     	        0	     	     2124	     	    30984	     	     1808
        0	     	        0	     	     1497	     	    29121	     	     1712
        0	     	        0	     	     1454	     	    29121	     	     1783
        0	     	        0	     	     1302	     	    28871	     	     1849
        0	     	        0	     	     1743	     	    30540	     	     1778
        0	     	        0	     	     1842	     	    30215	     	     1738
        0	     	        0	     	     1863	     	    29699	     	     1742
        0	     	        0	     	     1483	     	    30257	     	     1729
        0	     	        0	     	     2115	     	    29217	     	     1785
        0	     	        0	     	     2978	     	    33403	     	     1761
        0	     	        0	     	     2267	     	    30710	     	     1755
        0	     	        0	     	     1769	     	    30152	     	     1679
        0	     	        0	     	     2018	     	    29551	     	     1828
        0	     	        0	     	     1551	     	    30221	     	     1768
        0	     	        0	     	     1410	     	    30484	     	     1714
        0	     	        0	     	     2379	     	    30669	     	     1815
        0	     	        0	     	     1407	     	    30056	     	     1782
        0	     	        0	     	     2906	     	    34379	     	     1797
        0	     	        0	     	     1751	     	    30523	     	     1828
        0	     	        0	     	     1834	     	    31339	     	     1816
        0	     	        0	     	     1693	     	    30483	     	     1704
        0	     	        0	     	     1594	     	    30171	     	     1621
        0	     	        0	     	     1280	     	    30670	     	     1728
        0	     	        0	     	     2665	     	    34710	     	     1773
        0	     	        0	     	     1746	     	    30892	     	     1699
        0	     	        0	     	     2494	     	    35247	     	     1733
        0	     	        0	     	     1384	     	    30673	     	     1718
        0	     	        0	     	     1382	     	    31126	     	     1736
        0	     	        0	     	     1277	     	    29683	     	     1794
        0	     	        0	     	     2789	     	    35863	     	     1778
        0	     	        0	     	     1667	     	    31774	     	     1701
        0	     	        0	     	     1472	     	    31909	     	     1729
        0	     	        0	     	     1656	     	    31971	     	     1727
        0	     	        0	     	     2599	     	    33473	     	     1693
        0	     	        0	     	     1163	     	    30431	     	     1689
        0	     	        0	     	      919	     	    32650	     	     1767
        0	     	        0	     	     1545	     	    31667	     	     1706
        0	     	        0	     	     1557	     	    32742	     	     1723
        0	     	        0	     	     1459	     	    28765	     	     1826
        0	     	        0	     	     1897	     	    32044	     	     1791
        0	     	        0	     	     1596	     	    33319	     	     1752
        0	     	        0	     	     1614	     	    33217	     	     1751
        0	     	        0	     	     1222	     	    33259	     	     1765
        0	     	        0	     	     1733	     	    33545	     	     1771
        0	     	        0	     	     1914	     	    32870	     	     1665
        0	     	        0	     	     1956	     	    33842	     	     1785
        0	     	        0	     	     1307	     	    34375	     	     1721
        0	     	        0	     	     1594	     	    34441	     	     1802
        0	     	        0	     	     1987	     	    33397	     	     1737
        0	     	        0	     	     3089	     	    38747	     	     1823
        0	     	        0	     	     1857	     	    34240	     	     1747
        0	     	        0	     	     1866	     	    35504	     	     1766
        0	     	        0	     	     1364	     	    35595	     	     1757
        0	     	        0	     	     1537	     	    35408	     	     1761
        0	     	        0	     	     1801	     	    34567	     	     1756
        0	     	        0	     	     2736	     	    40667	     	     1886
        0	     	        0	     	     1771	     	    35371	     	     1847
        0	     	        0	     	     1418	     	    35366	     	     1810
        0	     	        0	     	      536	     	    37258	     	     1822
        0	     	        0	     	     1202	     	    36818	     	     1822
        0	     	        0	     	     1573	     	    36808	     	     1791
        0	     	        0	     	     1832	     	    36531	     	     1851
        0	     	        0	     	     1083	     	    37827	     	     1684
        0	     	        0	     	     1152	     	    38973	     	     1800
        0	     	        0	     	     1727	     	    37237	     	     1703
        0	     	        0	     	     1685	     	    38528	     	     1750
        0	     	        0	     	      838	     	    36621	     	     1713
        0	     	        0	     	     1539	     	    39734	     	     1793
        0	     	        0	     	     1714	     	    38349	     	     1802
        0	     	        0	     	     1460	     	    39118	     	     1718
        0	     	        0	     	     1615	     	    39356	     	     1838
        0	     	        0	     	     1996	     	    38999	     	     1770
        0	     	        0	     	     1794	     	    38100	     	     1763
        0	     	        0	     	     2574	     	    42512	     	     1761
        0	     	        0	     	     1124	     	    38347	     	     1824
        0	     	        0	     	     1417	     	    38419	     	     1816
        0	     	        0	     	     2055	     	    38136	     	     1644
        0	     	        0	     	     2102	     	    39311	     	     1814
        0	     	        0	     	     1641	     	    38865	     	     1725
        0	     	        0	     	     3001	     	    42429	     	     1849
        0	     	        0	     	     1204	     	    38188	     	     1831
        0	     	        0	     	     1609	     	    38824	     	     1721
        0	     	        0	     	     1595	     	    38149	     	     1712
        0	     	        0	     	     1681	     	    38635	     	     1836
        0	     	        0	     	     1367	     	    39218	     	     1797
        0	     	        0	     	     1808	     	    40370	     	     1756
        0	     	        0	     	     1509	     	    37502	     	     1834
        0	     	        0	     	     1842	     	    37508	     	     1689
        0	     	        0	     	     1493	     	    36699	     	     1819
        0	     	        0	     	     1843	     	    36700	     	     1798
        0	     	        0	     	     1935	     	    37504	     	     1750
        0	     	        0	     	     1765	     	    36393	     	     1713
        0	     	        0	     	     1507	     	    36183	     	     1771
        0	     	        0	     	     1355	     	    35615	     	     1788
        0	     	        0	     	     1616	     	    37017	     	     1816
        0	     	        0	     	     1659	     	    35680	     	     1733
        0	     	        0	     	     1756	     	    37079	     	     1767
        0	     	        0	     	     1657	     	    37059	     	     1804
        0	     	        0	     	     1823	     	    37741	     	     1826
        0	     	        0	     	     1120	     	    37082	     	     1818
        0	     	        0	     	     1894	     	    38029	     	     1721
        0	     	        0	     	     3646	     	    42678	     	     1761
        0	     	        0	     	      929	     	    46766	     	     1794
        0	     	        0	     	     1504	     	    50325	     	     1874
        0	     	        0	     	     2302	     	    56372	     	     1835
        0	     	        0	     	     1303	     	      531	     	     1903
        0	     	        0	     	     1049	     	    25154	     	     1976
    
