Entrada 1	     	Entrada 2	     	Entrada 3	     	Entrada 4	     	Coincidencias
        0	     	        0	     	      608	     	    38268	     	     1752
        0	     	        0	     	      511	     	    38482	     	     1627
        0	     	        0	     	      102	     	    38206	     	     1692
        0	     	        0	     	      353	     	    36666	     	     1762
        0	     	        0	     	     1906	     	    42429	     	     1876
        0	     	        0	     	    65299	     	    37616	     	     1725
        0	     	        0	     	      306	     	    37613	     	     1743
        0	     	        0	     	      827	     	    38656	     	     1787
        0	     	        0	     	     1943	     	    40512	     	     1755
        0	     	        0	     	       54	     	    38623	     	     1758
        0	     	        0	     	     2318	     	    41277	     	     1754
        0	     	        0	     	      668	     	    37458	     	     1763
        0	     	        0	     	     1214	     	    37553	     	     1736
        0	     	        0	     	      974	     	    36982	     	     1810
        0	     	        0	     	     1347	     	    38034	     	     1792
        0	     	        0	     	      799	     	    37212	     	     1765
        0	     	        0	     	      635	     	    38732	     	     1833
        0	     	        0	     	      151	     	    35057	     	     1704
        0	     	        0	     	      178	     	    38191	     	     1726
        0	     	        0	     	      840	     	    38562	     	     1809
        0	     	        0	     	     2440	     	    43543	     	     1749
        0	     	        0	     	      451	     	    37514	     	     1695
        0	     	        0	     	      433	     	    37911	     	     1691
        0	     	        0	     	      699	     	    36771	     	     1749
        0	     	        0	     	      232	     	    37662	     	     1710
        0	     	        0	     	      998	     	    36790	     	     1784
        0	     	        0	     	      908	     	    37609	     	     1788
        0	     	        0	     	    65224	     	    35180	     	     1647
        0	     	        0	     	     1327	     	    37908	     	     1714
        0	     	        0	     	    65422	     	    37837	     	     1651
        0	     	        0	     	     1853	     	    42657	     	     1802
        0	     	        0	     	      688	     	    36770	     	     1772
        0	     	        0	     	      612	     	    38180	     	     1736
        0	     	        0	     	     2306	     	    41579	     	     1759
        0	     	        0	     	     1323	     	    38801	     	     1674
        0	     	        0	     	      780	     	    36571	     	     1766
        0	     	        0	     	     2648	     	    43910	     	     1757
        0	     	        0	     	      664	     	    37634	     	     1730
        0	     	        0	     	      940	     	    38672	     	     1766
        0	     	        0	     	    65440	     	    37624	     	     1771
        0	     	        0	     	      425	     	    37375	     	     1773
        0	     	        0	     	      787	     	    36719	     	     1738
        0	     	        0	     	      915	     	    37857	     	     1819
        0	     	        0	     	      359	     	    36989	     	     1720
        0	     	        0	     	     1311	     	    38017	     	     1781
        0	     	        0	     	      993	     	    37546	     	     1821
        0	     	        0	     	     2084	     	    41861	     	     1791
        0	     	        0	     	     1763	     	    37034	     	     1815
        0	     	        0	     	      556	     	    37933	     	     1754
        0	     	        0	     	      613	     	    37768	     	     1821
        0	     	        0	     	      902	     	    37812	     	     1752
        0	     	        0	     	      412	     	    37501	     	     1768
        0	     	        0	     	      875	     	    37464	     	     1819
        0	     	        0	     	      249	     	    38042	     	     1654
        0	     	        0	     	      715	     	    38075	     	     1760
        0	     	        0	     	      548	     	    38100	     	     1747
        0	     	        0	     	      605	     	    37778	     	     1748
        0	     	        0	     	      263	     	    38816	     	     1840
        0	     	        0	     	     1402	     	    37017	     	     1725
        0	     	        0	     	     1862	     	    41859	     	     1865
        0	     	        0	     	     2080	     	    41534	     	     1787
        0	     	        0	     	     1055	     	    38135	     	     1817
        0	     	        0	     	      766	     	    37122	     	     1708
        0	     	        0	     	       33	     	    37957	     	     1749
        0	     	        0	     	      622	     	    38232	     	     1765
        0	     	        0	     	      713	     	    39091	     	     1743
        0	     	        0	     	     3211	     	    44233	     	     1824
        0	     	        0	     	      987	     	    37131	     	     1716
        0	     	        0	     	      483	     	    38562	     	     1718
        0	     	        0	     	     1143	     	    38555	     	     1805
        0	     	        0	     	      772	     	    37782	     	     1766
        0	     	        0	     	      556	     	    38066	     	     1730
        0	     	        0	     	      870	     	    36777	     	     1701
        0	     	        0	     	      820	     	    37265	     	     1721
        0	     	        0	     	      152	     	    37869	     	     1734
        0	     	        0	     	       10	     	    36905	     	     1717
        0	     	        0	     	      615	     	    36741	     	     1747
        0	     	        0	     	      839	     	    39036	     	     1762
        0	     	        0	     	      946	     	    37996	     	     1738
        0	     	        0	     	       13	     	    36787	     	     1799
        0	     	        0	     	     1334	     	    42710	     	     1663
        0	     	        0	     	      396	     	    37050	     	     1757
        0	     	        0	     	      791	     	    39206	     	     1729
        0	     	        0	     	      272	     	    38315	     	     1737
        0	     	        0	     	      736	     	    38512	     	     1782
        0	     	        0	     	      590	     	    38079	     	     1665
        0	     	        0	     	     2440	     	    45302	     	     1751
        0	     	        0	     	       81	     	    37358	     	     1742
        0	     	        0	     	      764	     	    38066	     	     1851
        0	     	        0	     	     1044	     	    37076	     	     1755
        0	     	        0	     	      890	     	    38541	     	     1803
        0	     	        0	     	      384	     	    37143	     	     1770
        0	     	        0	     	      269	     	    36616	     	     1730
        0	     	        0	     	      355	     	    36287	     	     1797
        0	     	        0	     	       36	     	    35425	     	     1626
        0	     	        0	     	     1363	     	    37516	     	     1781
        0	     	        0	     	     3237	     	    45523	     	     1753
        0	     	        0	     	     1016	     	    37477	     	     1748
        0	     	        0	     	      905	     	    38658	     	     1771
        0	     	        0	     	      841	     	    37238	     	     1717
        0	     	        0	     	      687	     	    37453	     	     1785
        0	     	        0	     	     1529	     	    38503	     	     1736
        0	     	        0	     	      932	     	    38953	     	     1771
        0	     	        0	     	      741	     	    38135	     	     1778
        0	     	        0	     	      759	     	    37499	     	     1748
        0	     	        0	     	      633	     	    37880	     	     1766
        0	     	        0	     	     1020	     	    38113	     	     1804
        0	     	        0	     	      804	     	    38329	     	     1753
        0	     	        0	     	     1209	     	    37003	     	     1744
        0	     	        0	     	      503	     	    37075	     	     1763
        0	     	        0	     	     1323	     	    38607	     	     1771
        0	     	        0	     	     1276	     	    38010	     	     1834
        0	     	        0	     	     1212	     	    37980	     	     1735
        0	     	        0	     	      536	     	    36838	     	     1767
        0	     	        0	     	      824	     	    38183	     	     1828
        0	     	        0	     	      850	     	    38301	     	     1757
        0	     	        0	     	     2881	     	    41644	     	     1836
        0	     	        0	     	      396	     	    38674	     	     1799
        0	     	        0	     	      629	     	    37484	     	     1732
        0	     	        0	     	      836	     	    38122	     	     1724
        0	     	        0	     	      223	     	    37982	     	     1768
        0	     	        0	     	      825	     	    36701	     	     1767
        0	     	        0	     	      500	     	    38461	     	     1758
        0	     	        0	     	      277	     	    37434	     	     1739
        0	     	        0	     	      871	     	    38269	     	     1735
        0	     	        0	     	      831	     	    37856	     	     1814
        0	     	        0	     	      460	     	    38106	     	     1766
        0	     	        0	     	     1354	     	    38652	     	     1811
        0	     	        0	     	      837	     	    37224	     	     1771
        0	     	        0	     	      802	     	    38999	     	     1743
        0	     	        0	     	      917	     	    38428	     	     1763
        0	     	        0	     	      508	     	    37912	     	     1743
        0	     	        0	     	      293	     	    36799	     	     1746
        0	     	        0	     	      619	     	    37793	     	     1829
        0	     	        0	     	     1078	     	    38296	     	     1802
        0	     	        0	     	      933	     	    37614	     	     1785
        0	     	        0	     	      310	     	    37929	     	     1731
        0	     	        0	     	      165	     	    38013	     	     1729
        0	     	        0	     	     1866	     	    41821	     	     1819
        0	     	        0	     	      878	     	    37572	     	     1836
        0	     	        0	     	      504	     	    38061	     	     1728
        0	     	        0	     	      719	     	    37483	     	     1823
        0	     	        0	     	      771	     	    37887	     	     1698
        0	     	        0	     	      522	     	    37667	     	     1746
        0	     	        0	     	      823	     	    38666	     	     1833
        0	     	        0	     	      684	     	    37486	     	     1736
        0	     	        0	     	      590	     	    38227	     	     1836
        0	     	        0	     	       82	     	    37021	     	     1694
        0	     	        0	     	     2401	     	    42844	     	     1749
        0	     	        0	     	      311	     	    38439	     	     1772
        0	     	        0	     	     1336	     	    42966	     	     1748
        0	     	        0	     	      236	     	    37411	     	     1733
        0	     	        0	     	      314	     	    38338	     	     1797
        0	     	        0	     	    65460	     	    38424	     	     1713
        0	     	        0	     	      952	     	    37113	     	     1743
        0	     	        0	     	      435	     	    38650	     	     1759
        0	     	        0	     	      890	     	    37845	     	     1793
        0	     	        0	     	      276	     	    34759	     	     1751
        0	     	        0	     	      367	     	    37391	     	     1708
        0	     	        0	     	      904	     	    37050	     	     1803
        0	     	        0	     	     1527	     	    42535	     	     1794
        0	     	        0	     	      857	     	    38322	     	     1792
        0	     	        0	     	      536	     	    37719	     	     1740
        0	     	        0	     	      110	     	    37641	     	     1749
        0	     	        0	     	      277	     	    36936	     	     1788
        0	     	        0	     	      356	     	    39229	     	     1742
        0	     	        0	     	      626	     	    38827	     	     1742
        0	     	        0	     	      266	     	    37241	     	     1692
        0	     	        0	     	     2145	     	    41900	     	     1810
        0	     	        0	     	      317	     	    37454	     	     1779
        0	     	        0	     	     2238	     	    42351	     	     1768
        0	     	        0	     	      641	     	    36745	     	     1777
        0	     	        0	     	      674	     	    37130	     	     1715
        0	     	        0	     	      750	     	    37046	     	     1801
        0	     	        0	     	     1337	     	    40048	     	     1746
        0	     	        0	     	      414	     	    37208	     	     1718
        0	     	        0	     	     3752	     	    45500	     	     1818
        0	     	        0	     	      294	     	    37806	     	     1686
        0	     	        0	     	     1191	     	    37685	     	     1779
        0	     	        0	     	      698	     	    38647	     	     1766
        0	     	        0	     	      794	     	    37881	     	     1723
        0	     	        0	     	      214	     	    38325	     	     1744
        0	     	        0	     	      455	     	    37444	     	     1784
        0	     	        0	     	      536	     	    37516	     	     1685
        0	     	        0	     	      212	     	    38229	     	     1788
        0	     	        0	     	      390	     	    38547	     	     1773
        0	     	        0	     	     3723	     	    46446	     	     1868
        0	     	        0	     	      729	     	    37335	     	     1717
        0	     	        0	     	      610	     	    36059	     	     1746
        0	     	        0	     	     1254	     	    38265	     	     1769
        0	     	        0	     	      393	     	    37522	     	     1789
        0	     	        0	     	      190	     	    37205	     	     1721
        0	     	        0	     	      617	     	    38244	     	     1771
        0	     	        0	     	      966	     	    36726	     	     1771
        0	     	        0	     	      614	     	    37680	     	     1721
        0	     	        0	     	      460	     	    38594	     	     1778
        0	     	        0	     	     1841	     	    42188	     	     1806
        0	     	        0	     	     1279	     	    38366	     	     1769
        0	     	        0	     	     1319	     	    37992	     	     1691
        0	     	        0	     	      512	     	    38369	     	     1772
