Entrada 1	     	Entrada 2	     	Entrada 3	     	Entrada 4	     	Coincidencias
        0	     	        0	     	    42839	     	    16311	     	     2162
        0	     	        0	     	    42272	     	    17631	     	     2127
        0	     	        0	     	    42741	     	    18658	     	     2226
        0	     	        0	     	    42823	     	    17101	     	     2308
        0	     	        0	     	    42883	     	    18116	     	     2222
        0	     	        0	     	    42860	     	    17234	     	     2226
        0	     	        0	     	    43116	     	    17525	     	     2198
        0	     	        0	     	    43029	     	    17787	     	     2252
        0	     	        0	     	    43386	     	    17840	     	     2252
        0	     	        0	     	    43225	     	    18396	     	     2233
        0	     	        0	     	    44642	     	    20813	     	     2278
        0	     	        0	     	    43188	     	    18399	     	     2231
        0	     	        0	     	    44747	     	    23089	     	     2261
        0	     	        0	     	    42094	     	    16794	     	     2266
        0	     	        0	     	    44744	     	    22666	     	     2267
        0	     	        0	     	    44033	     	    19695	     	     2251
        0	     	        0	     	    43431	     	    20218	     	     2232
        0	     	        0	     	    43053	     	    18761	     	     2203
        0	     	        0	     	    43421	     	    19046	     	     2245
        0	     	        0	     	    44373	     	    20417	     	     2202
        0	     	        0	     	    43423	     	    19999	     	     2235
        0	     	        0	     	    43921	     	    20425	     	     2230
        0	     	        0	     	    44352	     	    19250	     	     2234
        0	     	        0	     	    43561	     	    19286	     	     2311
        0	     	        0	     	    45112	     	    24811	     	     2340
        0	     	        0	     	    43968	     	    21071	     	     2183
        0	     	        0	     	    43992	     	    21007	     	     2279
        0	     	        0	     	    44003	     	    20967	     	     2344
        0	     	        0	     	    44112	     	    20918	     	     2299
        0	     	        0	     	    44827	     	    21934	     	     2206
        0	     	        0	     	    43667	     	    21491	     	     2242
        0	     	        0	     	    44016	     	    21045	     	     2262
        0	     	        0	     	    46136	     	    26433	     	     2357
        0	     	        0	     	    44358	     	    21371	     	     2280
        0	     	        0	     	    46460	     	    26030	     	     2356
        0	     	        0	     	    44717	     	    22079	     	     2331
        0	     	        0	     	    44335	     	    23171	     	     2285
        0	     	        0	     	    44225	     	    22854	     	     2287
        0	     	        0	     	    44513	     	    21625	     	     2269
        0	     	        0	     	    44254	     	    22231	     	     2278
        0	     	        0	     	    44711	     	    22455	     	     2387
        0	     	        0	     	    44398	     	    23702	     	     2282
        0	     	        0	     	    46839	     	    26933	     	     2309
        0	     	        0	     	    44827	     	    22181	     	     2269
        0	     	        0	     	    44424	     	    23442	     	     2375
        0	     	        0	     	    44624	     	    22894	     	     2331
        0	     	        0	     	    45645	     	    24834	     	     2256
        0	     	        0	     	    44221	     	    22365	     	     2220
        0	     	        0	     	    44321	     	    23780	     	     2288
        0	     	        0	     	    44989	     	    22768	     	     2264
        0	     	        0	     	    44704	     	    23441	     	     2332
        0	     	        0	     	    44390	     	    23772	     	     2274
        0	     	        0	     	    43603	     	    23847	     	     2225
        0	     	        0	     	    44862	     	    24928	     	     2197
        0	     	        0	     	    44541	     	    24326	     	     2280
        0	     	        0	     	    45183	     	    24142	     	     2302
        0	     	        0	     	    44372	     	    24292	     	     2220
        0	     	        0	     	    43729	     	    24318	     	     2322
        0	     	        0	     	    45094	     	    25378	     	     2290
        0	     	        0	     	    44365	     	    24539	     	     2381
        0	     	        0	     	    44790	     	    24495	     	     2259
        0	     	        0	     	    44882	     	    24159	     	     2333
        0	     	        0	     	    44761	     	    24246	     	     2276
        0	     	        0	     	    44418	     	    25150	     	     2278
        0	     	        0	     	    44765	     	    23869	     	     2161
        0	     	        0	     	    44152	     	    25267	     	     2238
        0	     	        0	     	    43415	     	    25120	     	     2329
        0	     	        0	     	    44043	     	    25266	     	     2275
        0	     	        0	     	    44687	     	    26470	     	     2288
        0	     	        0	     	    45112	     	    25864	     	     2253
        0	     	        0	     	    44208	     	    26040	     	     2236
        0	     	        0	     	    45270	     	    27648	     	     2228
        0	     	        0	     	    45204	     	    25180	     	     2295
        0	     	        0	     	    44583	     	    25130	     	     2289
        0	     	        0	     	    44407	     	    25197	     	     2288
        0	     	        0	     	    45196	     	    25222	     	     2347
        0	     	        0	     	    44717	     	    25963	     	     2272
        0	     	        0	     	    44185	     	    26261	     	     2258
        0	     	        0	     	    44439	     	    27212	     	     2335
        0	     	        0	     	    44130	     	    26582	     	     2335
        0	     	        0	     	    45478	     	    26749	     	     2327
        0	     	        0	     	    44996	     	    25878	     	     2255
        0	     	        0	     	    44221	     	    25690	     	     2314
        0	     	        0	     	    44772	     	    27289	     	     2274
        0	     	        0	     	    44424	     	    26718	     	     2323
        0	     	        0	     	    43809	     	    27446	     	     2248
        0	     	        0	     	    46978	     	    31648	     	     2382
        0	     	        0	     	    45405	     	    27513	     	     2394
        0	     	        0	     	    47050	     	    32254	     	     2377
        0	     	        0	     	    44857	     	    27052	     	     2295
        0	     	        0	     	    44912	     	    28128	     	     2312
        0	     	        0	     	    46153	     	    29614	     	     2279
        0	     	        0	     	    44327	     	    28049	     	     2299
        0	     	        0	     	    45422	     	    28818	     	     2311
        0	     	        0	     	    44672	     	    26811	     	     2364
        0	     	        0	     	    45005	     	    27621	     	     2278
        0	     	        0	     	    46652	     	    33149	     	     2330
        0	     	        0	     	    45724	     	    28797	     	     2347
        0	     	        0	     	    44984	     	    28478	     	     2277
        0	     	        0	     	    44555	     	    27641	     	     2283
        0	     	        0	     	    44787	     	    28184	     	     2339
        0	     	        0	     	    45879	     	    27495	     	     2262
        0	     	        0	     	    45172	     	    28312	     	     2276
        0	     	        0	     	    45020	     	    28367	     	     2236
        0	     	        0	     	    44515	     	    28226	     	     2346
        0	     	        0	     	    45043	     	    28619	     	     2359
        0	     	        0	     	    45117	     	    28870	     	     2344
        0	     	        0	     	    44532	     	    27210	     	     2343
        0	     	        0	     	    44282	     	    28667	     	     2316
        0	     	        0	     	    45239	     	    28812	     	     2317
        0	     	        0	     	    45610	     	    30442	     	     2352
        0	     	        0	     	    44951	     	    27926	     	     2300
        0	     	        0	     	    44246	     	    27864	     	     2342
        0	     	        0	     	    45184	     	    28608	     	     2272
        0	     	        0	     	    44346	     	    28899	     	     2314
        0	     	        0	     	    44532	     	    29531	     	     2289
        0	     	        0	     	    45772	     	    28636	     	     2373
        0	     	        0	     	    44606	     	    28688	     	     2374
        0	     	        0	     	    44142	     	    27165	     	     2371
        0	     	        0	     	    44947	     	    29138	     	     2296
        0	     	        0	     	    43057	     	    28688	     	     2253
        0	     	        0	     	    45332	     	    30867	     	     2292
        0	     	        0	     	    44901	     	    30070	     	     2265
        0	     	        0	     	    44351	     	    28257	     	     2343
        0	     	        0	     	    43891	     	    29192	     	     2336
        0	     	        0	     	    44661	     	    29652	     	     2242
        0	     	        0	     	    44704	     	    29599	     	     2355
        0	     	        0	     	    45239	     	    29183	     	     2248
        0	     	        0	     	    44411	     	    30717	     	     2225
        0	     	        0	     	    44562	     	    28103	     	     2355
        0	     	        0	     	    44638	     	    28577	     	     2277
        0	     	        0	     	    44838	     	    29709	     	     2306
        0	     	        0	     	    45009	     	    30437	     	     2307
        0	     	        0	     	    44204	     	    28049	     	     2297
        0	     	        0	     	    44701	     	    30322	     	     2293
        0	     	        0	     	    44679	     	    30706	     	     2424
        0	     	        0	     	    44664	     	    29049	     	     2357
        0	     	        0	     	    44721	     	    29170	     	     2244
        0	     	        0	     	    44278	     	    30063	     	     2243
        0	     	        0	     	    45453	     	    30374	     	     2276
        0	     	        0	     	    44336	     	    30597	     	     2323
        0	     	        0	     	    43818	     	    29846	     	     2292
        0	     	        0	     	    44536	     	    30039	     	     2376
        0	     	        0	     	    45076	     	    33145	     	     2332
        0	     	        0	     	    45621	     	    35388	     	     2298
        0	     	        0	     	    43596	     	    30261	     	     2302
        0	     	        0	     	    45866	     	    33569	     	     2275
        0	     	        0	     	    45002	     	    30884	     	     2268
        0	     	        0	     	    44326	     	    30898	     	     2327
        0	     	        0	     	    44699	     	    30398	     	     2434
        0	     	        0	     	    44714	     	    31209	     	     2305
        0	     	        0	     	    44475	     	    30096	     	     2343
        0	     	        0	     	    44809	     	    30615	     	     2350
        0	     	        0	     	    44354	     	    30968	     	     2346
        0	     	        0	     	    45086	     	    31098	     	     2322
        0	     	        0	     	    44646	     	    31685	     	     2368
        0	     	        0	     	    46591	     	    34522	     	     2329
        0	     	        0	     	    43931	     	    29875	     	     2330
        0	     	        0	     	    44703	     	    32079	     	     2318
        0	     	        0	     	    44625	     	    31657	     	     2351
        0	     	        0	     	    43777	     	    28951	     	     2319
        0	     	        0	     	    43895	     	    31266	     	     2283
        0	     	        0	     	    44491	     	    30642	     	     2223
        0	     	        0	     	    45039	     	    30790	     	     2344
        0	     	        0	     	    44917	     	    30896	     	     2361
        0	     	        0	     	    44801	     	    30663	     	     2336
        0	     	        0	     	    42846	     	    29224	     	     2330
        0	     	        0	     	    44883	     	    32411	     	     2457
        0	     	        0	     	    44172	     	    30843	     	     2395
        0	     	        0	     	    44993	     	    31082	     	     2320
        0	     	        0	     	    43852	     	    31690	     	     2315
        0	     	        0	     	    44706	     	    31657	     	     2390
        0	     	        0	     	    44848	     	    31682	     	     2365
        0	     	        0	     	    44462	     	    32049	     	     2350
        0	     	        0	     	    44644	     	    34341	     	     2248
        0	     	        0	     	    44232	     	    32606	     	     2255
        0	     	        0	     	    44333	     	    31828	     	     2225
        0	     	        0	     	    45431	     	    31359	     	     2423
        0	     	        0	     	    44821	     	    32505	     	     2354
        0	     	        0	     	    44006	     	    31446	     	     2358
        0	     	        0	     	    46275	     	    36560	     	     2306
        0	     	        0	     	    44259	     	    32423	     	     2173
        0	     	        0	     	    44600	     	    31849	     	     2266
        0	     	        0	     	    44861	     	    32100	     	     2340
        0	     	        0	     	    45073	     	    33291	     	     2340
        0	     	        0	     	    45563	     	    31682	     	     2320
        0	     	        0	     	    45599	     	    33374	     	     2266
        0	     	        0	     	    46108	     	    31978	     	     2405
        0	     	        0	     	    46081	     	    31588	     	     2387
        0	     	        0	     	    45793	     	    31187	     	     2277
        0	     	        0	     	    46869	     	    32409	     	     2351
        0	     	        0	     	    46302	     	    31657	     	     2377
        0	     	        0	     	    45682	     	    28675	     	     2315
        0	     	        0	     	    46363	     	    31424	     	     2289
        0	     	        0	     	    46456	     	    32624	     	     2346
        0	     	        0	     	    46150	     	    31352	     	     2315
        0	     	        0	     	    48391	     	    35735	     	     2299
        0	     	        0	     	    45733	     	    32326	     	     2311
        0	     	        0	     	    46497	     	    32289	     	     2332
        0	     	        0	     	    47148	     	    31048	     	     2365
