Entrada 1	     	Entrada 2	     	Entrada 3	     	Entrada 4	     	Coincidencias
        0	     	        0	     	    42233	     	    25670	     	     3057
        0	     	        0	     	    42883	     	    25471	     	     3015
        0	     	        0	     	    42999	     	    25573	     	     3178
        0	     	        0	     	    42163	     	    26017	     	     3139
        0	     	        0	     	    42850	     	    25851	     	     3176
        0	     	        0	     	    43605	     	    25569	     	     3068
        0	     	        0	     	    44038	     	    27243	     	     3204
        0	     	        0	     	    43295	     	    26641	     	     3092
        0	     	        0	     	    43152	     	    26097	     	     3152
        0	     	        0	     	    43409	     	    25067	     	     3196
        0	     	        0	     	    42654	     	    26844	     	     3083
        0	     	        0	     	    43583	     	    25820	     	     3113
        0	     	        0	     	    42648	     	    26780	     	     3244
        0	     	        0	     	    44430	     	    25659	     	     3110
        0	     	        0	     	    43135	     	    28202	     	     3128
        0	     	        0	     	    43391	     	    25824	     	     3120
        0	     	        0	     	    43764	     	    27346	     	     3103
        0	     	        0	     	    43944	     	    26736	     	     3189
        0	     	        0	     	    44413	     	    27666	     	     3229
        0	     	        0	     	    43310	     	    27240	     	     3093
        0	     	        0	     	    43898	     	    27136	     	     3108
        0	     	        0	     	    43826	     	    27442	     	     3127
        0	     	        0	     	    42610	     	    27367	     	     3064
        0	     	        0	     	    43602	     	    28264	     	     3158
        0	     	        0	     	    44254	     	    27925	     	     3172
        0	     	        0	     	    43324	     	    27802	     	     3134
        0	     	        0	     	    43027	     	    27252	     	     3036
        0	     	        0	     	    43339	     	    27732	     	     3172
        0	     	        0	     	    43495	     	    29608	     	     3181
        0	     	        0	     	    43430	     	    28249	     	     3171
        0	     	        0	     	    43341	     	    28086	     	     3189
        0	     	        0	     	    44183	     	    29377	     	     3118
        0	     	        0	     	    43273	     	    27206	     	     3091
        0	     	        0	     	    43810	     	    27836	     	     3202
        0	     	        0	     	    42835	     	    28038	     	     3231
        0	     	        0	     	    44756	     	    29909	     	     3053
        0	     	        0	     	    43528	     	    28347	     	     3122
        0	     	        0	     	    43266	     	    28459	     	     3226
        0	     	        0	     	    43810	     	    28184	     	     3203
        0	     	        0	     	    44265	     	    28328	     	     3168
        0	     	        0	     	    46418	     	    32775	     	     3242
        0	     	        0	     	    44318	     	    29321	     	     3148
        0	     	        0	     	    43474	     	    28311	     	     3203
        0	     	        0	     	    43981	     	    29328	     	     3200
        0	     	        0	     	    43957	     	    28339	     	     3292
        0	     	        0	     	    44048	     	    28474	     	     3158
        0	     	        0	     	    44089	     	    28199	     	     3145
        0	     	        0	     	    43959	     	    29907	     	     3064
        0	     	        0	     	    43107	     	    28338	     	     3128
        0	     	        0	     	    43603	     	    29705	     	     3299
        0	     	        0	     	    44797	     	    28210	     	     3184
        0	     	        0	     	    44072	     	    28428	     	     3190
        0	     	        0	     	    44525	     	    29193	     	     3149
        0	     	        0	     	    43297	     	    29371	     	     2956
        0	     	        0	     	    43769	     	    29422	     	     3193
        0	     	        0	     	    43400	     	    28924	     	     3220
        0	     	        0	     	    46476	     	    34147	     	     3121
        0	     	        0	     	    44160	     	    28635	     	     3218
        0	     	        0	     	    43924	     	    29299	     	     3218
        0	     	        0	     	    42979	     	    28767	     	     3191
        0	     	        0	     	    43288	     	    29618	     	     3129
        0	     	        0	     	    43955	     	    30646	     	     3184
        0	     	        0	     	    45202	     	    29481	     	     3206
        0	     	        0	     	    43444	     	    29745	     	     3097
        0	     	        0	     	    44375	     	    29215	     	     3225
        0	     	        0	     	    43138	     	    28210	     	     3189
        0	     	        0	     	    46512	     	    33815	     	     3180
        0	     	        0	     	    43634	     	    30155	     	     3184
        0	     	        0	     	    46396	     	    34191	     	     3185
        0	     	        0	     	    44187	     	    29067	     	     3233
        0	     	        0	     	    44765	     	    30054	     	     3156
        0	     	        0	     	    44526	     	    29403	     	     3140
        0	     	        0	     	    44049	     	    29455	     	     3156
        0	     	        0	     	    44047	     	    29407	     	     3105
        0	     	        0	     	    44264	     	    29152	     	     3222
        0	     	        0	     	    44415	     	    29581	     	     3315
        0	     	        0	     	    43818	     	    29343	     	     3152
        0	     	        0	     	    44445	     	    29228	     	     3239
        0	     	        0	     	    43932	     	    29731	     	     3159
        0	     	        0	     	    44061	     	    29349	     	     3096
        0	     	        0	     	    44105	     	    30786	     	     3083
        0	     	        0	     	    43781	     	    30212	     	     3113
        0	     	        0	     	    44984	     	    29763	     	     3123
        0	     	        0	     	    45118	     	    29620	     	     3135
        0	     	        0	     	    44203	     	    29007	     	     3151
        0	     	        0	     	    44575	     	    29652	     	     3136
        0	     	        0	     	    43224	     	    27920	     	     3099
        0	     	        0	     	    44888	     	    30178	     	     3058
        0	     	        0	     	    44206	     	    29607	     	     3211
        0	     	        0	     	    44991	     	    31128	     	     3134
        0	     	        0	     	    44106	     	    30916	     	     3219
        0	     	        0	     	    44359	     	    31120	     	     3088
        0	     	        0	     	    43867	     	    31172	     	     3170
        0	     	        0	     	    44911	     	    31826	     	     3204
        0	     	        0	     	    44434	     	    29040	     	     3309
        0	     	        0	     	    43873	     	    31122	     	     3086
        0	     	        0	     	    43807	     	    29762	     	     3175
        0	     	        0	     	    44850	     	    31331	     	     3194
        0	     	        0	     	    44623	     	    31049	     	     3174
        0	     	        0	     	    44633	     	    31699	     	     3173
Entrada 1	     	Entrada 2	     	Entrada 3	     	Entrada 4	     	Coincidencias
        0	     	        0	     	    45278	     	    29348	     	     3165
        0	     	        0	     	    45439	     	    31514	     	     3232
        0	     	        0	     	    48703	     	    35045	     	     3308
        0	     	        0	     	    46604	     	    30307	     	     3262
        0	     	        0	     	    48463	     	    35187	     	     3220
        0	     	        0	     	    45816	     	    29511	     	     3269
        0	     	        0	     	    46079	     	    30858	     	     3181
        0	     	        0	     	    46598	     	    31172	     	     3146
        0	     	        0	     	    45917	     	    30390	     	     3157
        0	     	        0	     	    45910	     	    32290	     	     3172
        0	     	        0	     	    45503	     	    31217	     	     3269
        0	     	        0	     	    46211	     	    31473	     	     3205
        0	     	        0	     	    46218	     	    31735	     	     3233
        0	     	        0	     	    45574	     	    31815	     	     3217
        0	     	        0	     	    46259	     	    31871	     	     3180
        0	     	        0	     	    45864	     	    31743	     	     3205
        0	     	        0	     	    45706	     	    30991	     	     3215
        0	     	        0	     	    45616	     	    31851	     	     3175
        0	     	        0	     	    45624	     	    31564	     	     3158
        0	     	        0	     	    46071	     	    31692	     	     3164
        0	     	        0	     	    46686	     	    31138	     	     3208
        0	     	        0	     	    46821	     	    31184	     	     3262
        0	     	        0	     	    45873	     	    31647	     	     3240
        0	     	        0	     	    46257	     	    31679	     	     3176
        0	     	        0	     	    47147	     	    32085	     	     3286
        0	     	        0	     	    45532	     	    31761	     	     3278
        0	     	        0	     	    47466	     	    34362	     	     3167
        0	     	        0	     	    46384	     	    31965	     	     3244
        0	     	        0	     	    46076	     	    32919	     	     3201
        0	     	        0	     	    47097	     	    32060	     	     3167
        0	     	        0	     	    47119	     	    32023	     	     3202
        0	     	        0	     	    46496	     	    31935	     	     3209
        0	     	        0	     	    47284	     	    32099	     	     3198
        0	     	        0	     	    45807	     	    31216	     	     3237
        0	     	        0	     	    45720	     	    32557	     	     3215
        0	     	        0	     	    46304	     	    32565	     	     3157
        0	     	        0	     	    49288	     	    37169	     	     3301
        0	     	        0	     	    46155	     	    31431	     	     3273
        0	     	        0	     	    46615	     	    32550	     	     3259
        0	     	        0	     	    46650	     	    32298	     	     3186
        0	     	        0	     	    46673	     	    32472	     	     3241
        0	     	        0	     	    46544	     	    33233	     	     3226
        0	     	        0	     	    46197	     	    31961	     	     3122
