Entrada 1	     	Entrada 2	     	Entrada 3	     	Entrada 4	     	Coincidencias
        0	     	        0	     	    29675	     	    33423	     	     1311
        0	     	        0	     	    29638	     	    32503	     	     1286
        0	     	        0	     	    29410	     	    33888	     	     1274
        0	     	        0	     	    30084	     	    33991	     	     1265
        0	     	        0	     	    29630	     	    34981	     	     1218
        0	     	        0	     	    29502	     	    34274	     	     1349
        0	     	        0	     	    29767	     	    33549	     	     1228
        0	     	        0	     	    29569	     	    32506	     	     1243
        0	     	        0	     	    29057	     	    31855	     	     1283
        0	     	        0	     	    29425	     	    33384	     	     1235
        0	     	        0	     	    30003	     	    36449	     	     1293
        0	     	        0	     	    29341	     	    34058	     	     1278
        0	     	        0	     	    29474	     	    33952	     	     1260
        0	     	        0	     	    30050	     	    33981	     	     1277
        0	     	        0	     	    29560	     	    33115	     	     1303
        0	     	        0	     	    29129	     	    34103	     	     1240
        0	     	        0	     	    29665	     	    34087	     	     1292
        0	     	        0	     	    29643	     	    34626	     	     1263
        0	     	        0	     	    29794	     	    36404	     	     1271
        0	     	        0	     	    29455	     	    34311	     	     1264
        0	     	        0	     	    29853	     	    35135	     	     1290
        0	     	        0	     	    29496	     	    34447	     	     1263
        0	     	        0	     	    29534	     	    33925	     	     1202
        0	     	        0	     	    29383	     	    34257	     	     1188
        0	     	        0	     	    30479	     	    38737	     	     1298
        0	     	        0	     	    29190	     	    33465	     	     1207
        0	     	        0	     	    29558	     	    34163	     	     1231
        0	     	        0	     	    28660	     	    33287	     	     1261
        0	     	        0	     	    29655	     	    34017	     	     1318
        0	     	        0	     	    29227	     	    34386	     	     1191
        0	     	        0	     	    31115	     	    41525	     	     1295
        0	     	        0	     	    29246	     	    34573	     	     1271
        0	     	        0	     	    30286	     	    33543	     	     1265
        0	     	        0	     	    29223	     	    33248	     	     1253
        0	     	        0	     	    30988	     	    39167	     	     1306
        0	     	        0	     	    29879	     	    33738	     	     1290
        0	     	        0	     	    29011	     	    33738	     	     1228
        0	     	        0	     	    29914	     	    33285	     	     1279
        0	     	        0	     	    29242	     	    33342	     	     1238
        0	     	        0	     	    29496	     	    34499	     	     1213
        0	     	        0	     	    29813	     	    33318	     	     1249
        0	     	        0	     	    29908	     	    34216	     	     1292
        0	     	        0	     	    29640	     	    34341	     	     1187
        0	     	        0	     	    29567	     	    33102	     	     1261
        0	     	        0	     	    29404	     	    34259	     	     1256
        0	     	        0	     	    29422	     	    34402	     	     1297
        0	     	        0	     	    29467	     	    32536	     	     1324
        0	     	        0	     	    29219	     	    33511	     	     1289
        0	     	        0	     	    29117	     	    34688	     	     1257
        0	     	        0	     	    28842	     	    32381	     	     1243
        0	     	        0	     	    29402	     	    34960	     	     1239
        0	     	        0	     	    29757	     	    33463	     	     1227
        0	     	        0	     	    29003	     	    31285	     	     1203
        0	     	        0	     	    29386	     	    34075	     	     1267
        0	     	        0	     	    29394	     	    34455	     	     1228
        0	     	        0	     	    29426	     	    33705	     	     1271
        0	     	        0	     	    29423	     	    34121	     	     1228
        0	     	        0	     	    29184	     	    35041	     	     1265
        0	     	        0	     	    29890	     	    33699	     	     1278
        0	     	        0	     	    29721	     	    34517	     	     1234
        0	     	        0	     	    28736	     	    32802	     	     1207
        0	     	        0	     	    30486	     	    35489	     	     1279
        0	     	        0	     	    29314	     	    34222	     	     1215
        0	     	        0	     	    29334	     	    34888	     	     1334
        0	     	        0	     	    29354	     	    33925	     	     1297
        0	     	        0	     	    29356	     	    35320	     	     1242
        0	     	        0	     	    29577	     	    34203	     	     1336
        0	     	        0	     	    29722	     	    34295	     	     1233
        0	     	        0	     	    28835	     	    34078	     	     1259
        0	     	        0	     	    29890	     	    34614	     	     1369
        0	     	        0	     	    29490	     	    34588	     	     1303
        0	     	        0	     	    28650	     	    33518	     	     1223
        0	     	        0	     	    29521	     	    34371	     	     1257
        0	     	        0	     	    29237	     	    33879	     	     1285
        0	     	        0	     	    29539	     	    35996	     	     1291
        0	     	        0	     	    29101	     	    33812	     	     1231
        0	     	        0	     	    29314	     	    34927	     	     1192
        0	     	        0	     	    29480	     	    34901	     	     1228
        0	     	        0	     	    30490	     	    39346	     	     1283
        0	     	        0	     	    29170	     	    33374	     	     1240
        0	     	        0	     	    29469	     	    34634	     	     1238
        0	     	        0	     	    29617	     	    35579	     	     1272
        0	     	        0	     	    30246	     	    34817	     	     1315
        0	     	        0	     	    29756	     	    34779	     	     1255
        0	     	        0	     	    30457	     	    38541	     	     1286
        0	     	        0	     	    29638	     	    34303	     	     1284
        0	     	        0	     	    28961	     	    35022	     	     1268
        0	     	        0	     	    29371	     	    35051	     	     1247
        0	     	        0	     	    28887	     	    34371	     	     1244
        0	     	        0	     	    29374	     	    35793	     	     1306
        0	     	        0	     	    29330	     	    35218	     	     1232
        0	     	        0	     	    29455	     	    34679	     	     1248
        0	     	        0	     	    29854	     	    35486	     	     1230
        0	     	        0	     	    29717	     	    34658	     	     1280
        0	     	        0	     	    29562	     	    34464	     	     1235
        0	     	        0	     	    29947	     	    37966	     	     1274
        0	     	        0	     	    29332	     	    35404	     	     1242
        0	     	        0	     	    29441	     	    34703	     	     1294
        0	     	        0	     	    29912	     	    35621	     	     1302
        0	     	        0	     	    29089	     	    35610	     	     1271
        0	     	        0	     	    30605	     	    39991	     	     1278
        0	     	        0	     	    29917	     	    36095	     	     1292
        0	     	        0	     	    29554	     	    34374	     	     1235
        0	     	        0	     	    29896	     	    35824	     	     1309
        0	     	        0	     	    30082	     	    33414	     	     1287
        0	     	        0	     	    29379	     	    35303	     	     1268
        0	     	        0	     	    29245	     	    34678	     	     1274
        0	     	        0	     	    29335	     	    34669	     	     1243
        0	     	        0	     	    29594	     	    36934	     	     1254
        0	     	        0	     	    29122	     	    36254	     	     1296
        0	     	        0	     	    29644	     	    35483	     	     1278
        0	     	        0	     	    29173	     	    33912	     	     1178
        0	     	        0	     	    30419	     	    38483	     	     1216
        0	     	        0	     	    29382	     	    34469	     	     1237
        0	     	        0	     	    29583	     	    34324	     	     1360
        0	     	        0	     	    29623	     	    35222	     	     1221
        0	     	        0	     	    30031	     	    38505	     	     1244
        0	     	        0	     	    30041	     	    34549	     	     1217
        0	     	        0	     	    29746	     	    35103	     	     1268
        0	     	        0	     	    29927	     	    35701	     	     1256
        0	     	        0	     	    29295	     	    35181	     	     1383
        0	     	        0	     	    29435	     	    34771	     	     1287
        0	     	        0	     	    29753	     	    34802	     	     1272
        0	     	        0	     	    29772	     	    35159	     	     1291
        0	     	        0	     	    30462	     	    36909	     	     1329
        0	     	        0	     	    29606	     	    34695	     	     1192
        0	     	        0	     	    30041	     	    35188	     	     1239
        0	     	        0	     	    29532	     	    36248	     	     1300
        0	     	        0	     	    29139	     	    35467	     	     1269
        0	     	        0	     	    29733	     	    34745	     	     1259
        0	     	        0	     	    29039	     	    35442	     	     1285
        0	     	        0	     	    29517	     	    36223	     	     1229
        0	     	        0	     	    29007	     	    34540	     	     1278
        0	     	        0	     	    29629	     	    34347	     	     1270
        0	     	        0	     	    29917	     	    36016	     	     1240
        0	     	        0	     	    29725	     	    32952	     	     1272
        0	     	        0	     	    28961	     	    35802	     	     1263
        0	     	        0	     	    29465	     	    35742	     	     1198
        0	     	        0	     	    30409	     	    39313	     	     1330
        0	     	        0	     	    29622	     	    34636	     	     1268
        0	     	        0	     	    29579	     	    35643	     	     1307
        0	     	        0	     	    29975	     	    35547	     	     1300
        0	     	        0	     	    29643	     	    35473	     	     1250
        0	     	        0	     	    29479	     	    35333	     	     1226
        0	     	        0	     	    29834	     	    35633	     	     1249
        0	     	        0	     	    29615	     	    36249	     	     1236
        0	     	        0	     	    29579	     	    35354	     	     1302
        0	     	        0	     	    29274	     	    34784	     	     1255
        0	     	        0	     	    29393	     	    35455	     	     1298
        0	     	        0	     	    29531	     	    34902	     	     1236
        0	     	        0	     	    29577	     	    35757	     	     1236
        0	     	        0	     	    29447	     	    35225	     	     1268
        0	     	        0	     	    30555	     	    38427	     	     1261
        0	     	        0	     	    29086	     	    35197	     	     1335
        0	     	        0	     	    29247	     	    35495	     	     1271
        0	     	        0	     	    29918	     	    35096	     	     1268
        0	     	        0	     	    29553	     	    35265	     	     1202
        0	     	        0	     	    29484	     	    36316	     	     1287
        0	     	        0	     	    29354	     	    35843	     	     1285
        0	     	        0	     	    28867	     	    35107	     	     1240
        0	     	        0	     	    30000	     	    39990	     	     1227
        0	     	        0	     	    29350	     	    33935	     	     1290
        0	     	        0	     	    29668	     	    36024	     	     1231
        0	     	        0	     	    29359	     	    32702	     	     1264
        0	     	        0	     	    28947	     	    34418	     	     1221
        0	     	        0	     	    30042	     	    34744	     	     1261
        0	     	        0	     	    29662	     	    35275	     	     1275
        0	     	        0	     	    29308	     	    34202	     	     1219
        0	     	        0	     	    29307	     	    35609	     	     1234
        0	     	        0	     	    30019	     	    34497	     	     1302
        0	     	        0	     	    29376	     	    34971	     	     1250
        0	     	        0	     	    29557	     	    34304	     	     1213
        0	     	        0	     	    30058	     	    39967	     	     1301
        0	     	        0	     	    29327	     	    35037	     	     1256
        0	     	        0	     	    29167	     	    34501	     	     1252
        0	     	        0	     	    29562	     	    34789	     	     1297
        0	     	        0	     	    29995	     	    35512	     	     1214
        0	     	        0	     	    29608	     	    35525	     	     1257
        0	     	        0	     	    30932	     	    41942	     	     1341
        0	     	        0	     	    29546	     	    35061	     	     1233
        0	     	        0	     	    30045	     	    39687	     	     1303
        0	     	        0	     	    29910	     	    35751	     	     1281
        0	     	        0	     	    30414	     	    38994	     	     1302
        0	     	        0	     	    28913	     	    34898	     	     1341
        0	     	        0	     	    30500	     	    39922	     	     1244
        0	     	        0	     	    29765	     	    37061	     	     1330
        0	     	        0	     	    29845	     	    35323	     	     1310
        0	     	        0	     	    28932	     	    31918	     	     1291
        0	     	        0	     	    30545	     	    38856	     	     1288
        0	     	        0	     	    30037	     	    35247	     	     1235
        0	     	        0	     	    29498	     	    35641	     	     1218
        0	     	        0	     	    29502	     	    35143	     	     1316
        0	     	        0	     	    29723	     	    34621	     	     1206
        0	     	        0	     	    29475	     	    34378	     	     1328
        0	     	        0	     	    29522	     	    33878	     	     1298
        0	     	        0	     	    29349	     	    35211	     	     1248
        0	     	        0	     	    29477	     	    36895	     	     1299
        0	     	        0	     	    29441	     	    34635	     	     1200
        0	     	        0	     	    30768	     	    40609	     	     1281
        0	     	        0	     	    29495	     	    35491	     	     1281
