Entrada 1	     	Entrada 2	     	Entrada 3	     	Entrada 4	     	Coincidencias
        0	     	        0	     	    62664	     	    34112	     	     2537
        0	     	        0	     	    61825	     	    31925	     	     2518
        0	     	        0	     	    62017	     	    32936	     	     2564
        0	     	        0	     	    62776	     	    31624	     	     2549
        0	     	        0	     	    62643	     	    32575	     	     2623
        0	     	        0	     	    62155	     	    32403	     	     2517
        0	     	        0	     	    61645	     	    31837	     	     2550
        0	     	        0	     	    62450	     	    33070	     	     2585
        0	     	        0	     	    61925	     	    33692	     	     2514
        0	     	        0	     	    61834	     	    31111	     	     2554
        0	     	        0	     	    62565	     	    31990	     	     2592
        0	     	        0	     	    62192	     	    32363	     	     2545
        0	     	        0	     	    61898	     	    31518	     	     2525
        0	     	        0	     	    62202	     	    32489	     	     2620
        0	     	        0	     	    62800	     	    31937	     	     2535
        0	     	        0	     	    63012	     	    32958	     	     2544
        0	     	        0	     	    62389	     	    32312	     	     2539
        0	     	        0	     	    61183	     	    32244	     	     2550
        0	     	        0	     	    62143	     	    32257	     	     2571
        0	     	        0	     	    62262	     	    32192	     	     2582
        0	     	        0	     	    63911	     	    37470	     	     2470
        0	     	        0	     	    62148	     	    32390	     	     2443
        0	     	        0	     	    61230	     	    32564	     	     2576
        0	     	        0	     	    62067	     	    32456	     	     2546
        0	     	        0	     	    63615	     	    36643	     	     2624
        0	     	        0	     	    61882	     	    32515	     	     2547
        0	     	        0	     	    62623	     	    33780	     	     2571
        0	     	        0	     	    63716	     	    35994	     	     2635
        0	     	        0	     	    62369	     	    33028	     	     2559
        0	     	        0	     	    62400	     	    33093	     	     2541
        0	     	        0	     	    61814	     	    32558	     	     2579
        0	     	        0	     	    62317	     	    32986	     	     2586
        0	     	        0	     	    63445	     	    32319	     	     2607
        0	     	        0	     	    62017	     	    33903	     	     2601
        0	     	        0	     	    62327	     	    33875	     	     2660
        0	     	        0	     	    62964	     	    34101	     	     2555
        0	     	        0	     	    62342	     	    32773	     	     2523
        0	     	        0	     	    62434	     	    32351	     	     2597
        0	     	        0	     	    63938	     	    36487	     	     2665
        0	     	        0	     	    62023	     	    32372	     	     2573
        0	     	        0	     	    64281	     	    36289	     	     2649
        0	     	        0	     	    62735	     	    31943	     	     2502
        0	     	        0	     	    61995	     	    30916	     	     2562
        0	     	        0	     	    62767	     	    31974	     	     2609
        0	     	        0	     	    62120	     	    32014	     	     2577
        0	     	        0	     	    62254	     	    30961	     	     2502
        0	     	        0	     	    61769	     	    32406	     	     2597
        0	     	        0	     	    62937	     	    32048	     	     2525
        0	     	        0	     	    62262	     	    32372	     	     2521
        0	     	        0	     	    61913	     	    32378	     	     2549
        0	     	        0	     	    61643	     	    33021	     	     2528
        0	     	        0	     	    62072	     	    32012	     	     2583
        0	     	        0	     	    62812	     	    32342	     	     2580
        0	     	        0	     	    62107	     	    33008	     	     2433
        0	     	        0	     	    63836	     	    36550	     	     2615
        0	     	        0	     	    62366	     	    31985	     	     2574
        0	     	        0	     	    61429	     	    33025	     	     2553
        0	     	        0	     	    60443	     	    29827	     	     2646
        0	     	        0	     	    64555	     	    36677	     	     2564
        0	     	        0	     	    62335	     	    32818	     	     2553
        0	     	        0	     	    62754	     	    32455	     	     2554
        0	     	        0	     	    61409	     	    32001	     	     2551
        0	     	        0	     	    62059	     	    32541	     	     2630
        0	     	        0	     	    62523	     	    31918	     	     2496
        0	     	        0	     	    62372	     	    32975	     	     2568
        0	     	        0	     	    62536	     	    33189	     	     2593
        0	     	        0	     	    62527	     	    32249	     	     2580
        0	     	        0	     	    63279	     	    34306	     	     2591
        0	     	        0	     	    61847	     	    32338	     	     2564
        0	     	        0	     	    62403	     	    31197	     	     2464
        0	     	        0	     	    62108	     	    32100	     	     2569
        0	     	        0	     	    61702	     	    32610	     	     2450
        0	     	        0	     	    62354	     	    32354	     	     2642
        0	     	        0	     	    61388	     	    31626	     	     2489
        0	     	        0	     	    62811	     	    32507	     	     2450
        0	     	        0	     	    64172	     	    33345	     	     2533
        0	     	        0	     	    62547	     	    31834	     	     2550
        0	     	        0	     	    62063	     	    34083	     	     2489
        0	     	        0	     	      398	     	    36498	     	     2579
        0	     	        0	     	    62526	     	    32527	     	     2569
        0	     	        0	     	    62568	     	    31918	     	     2576
        0	     	        0	     	    62925	     	    31317	     	     2477
        0	     	        0	     	    62778	     	    32010	     	     2579
        0	     	        0	     	    63084	     	    32193	     	     2640
        0	     	        0	     	    62284	     	    31771	     	     2641
        0	     	        0	     	    63623	     	    32825	     	     2596
        0	     	        0	     	    63173	     	    31981	     	     2580
        0	     	        0	     	    62630	     	    30976	     	     2487
        0	     	        0	     	    62770	     	    31358	     	     2551
        0	     	        0	     	    63188	     	    32801	     	     2497
        0	     	        0	     	    63461	     	    32521	     	     2646
        0	     	        0	     	    62740	     	    31615	     	     2569
        0	     	        0	     	    63246	     	    32124	     	     2575
        0	     	        0	     	    63319	     	    32306	     	     2542
        0	     	        0	     	    64176	     	    32638	     	     2506
        0	     	        0	     	    62765	     	    31451	     	     2611
        0	     	        0	     	    62578	     	    30831	     	     2615
        0	     	        0	     	    63782	     	    31519	     	     2519
        0	     	        0	     	    62930	     	    31775	     	     2558
        0	     	        0	     	    62602	     	    32167	     	     2626
        0	     	        0	     	    63127	     	    32083	     	     2566
        0	     	        0	     	    63403	     	    32378	     	     2535
        0	     	        0	     	    63297	     	    33377	     	     2578
        0	     	        0	     	    64031	     	    32744	     	     2607
        0	     	        0	     	    63044	     	    33149	     	     2525
        0	     	        0	     	    63294	     	    32271	     	     2601
        0	     	        0	     	      422	     	    37526	     	     2649
        0	     	        0	     	    62835	     	    32722	     	     2644
        0	     	        0	     	    63416	     	    31364	     	     2631
        0	     	        0	     	    63043	     	    31302	     	     2617
        0	     	        0	     	    65187	     	    36250	     	     2626
        0	     	        0	     	    61668	     	    30212	     	     2596
        0	     	        0	     	    62694	     	    32763	     	     2503
        0	     	        0	     	    63228	     	    32757	     	     2621
        0	     	        0	     	    63310	     	    32465	     	     2585
        0	     	        0	     	    63579	     	    32253	     	     2483
        0	     	        0	     	    62744	     	    32395	     	     2585
        0	     	        0	     	    62480	     	    32413	     	     2488
        0	     	        0	     	    62830	     	    31775	     	     2569
        0	     	        0	     	    62838	     	    31543	     	     2512
        0	     	        0	     	    63855	     	    32522	     	     2653
        0	     	        0	     	    62978	     	    32242	     	     2590
        0	     	        0	     	    63052	     	    32485	     	     2514
        0	     	        0	     	    64202	     	    31679	     	     2536
        0	     	        0	     	    63100	     	    33124	     	     2534
        0	     	        0	     	    62913	     	    32354	     	     2540
        0	     	        0	     	    63702	     	    32374	     	     2513
        0	     	        0	     	    62993	     	    30430	     	     2553
        0	     	        0	     	    63199	     	    32575	     	     2613
        0	     	        0	     	    62651	     	    30712	     	     2527
        0	     	        0	     	    63122	     	    31770	     	     2730
        0	     	        0	     	    63291	     	    32414	     	     2544
        0	     	        0	     	      103	     	    36051	     	     2564
        0	     	        0	     	    62672	     	    33716	     	     2598
        0	     	        0	     	    63962	     	    32810	     	     2626
        0	     	        0	     	    62983	     	    31938	     	     2613
        0	     	        0	     	    62653	     	    32922	     	     2460
        0	     	        0	     	    62622	     	    32757	     	     2579
        0	     	        0	     	    63095	     	    31885	     	     2493
        0	     	        0	     	    62769	     	    32221	     	     2573
        0	     	        0	     	    63214	     	    31771	     	     2584
        0	     	        0	     	    62819	     	    32186	     	     2539
        0	     	        0	     	    62903	     	    31731	     	     2517
        0	     	        0	     	    63229	     	    31823	     	     2588
        0	     	        0	     	    62977	     	    32213	     	     2565
        0	     	        0	     	    62528	     	    32874	     	     2588
        0	     	        0	     	    62646	     	    32650	     	     2616
        0	     	        0	     	    62974	     	    30845	     	     2712
        0	     	        0	     	    63240	     	    32232	     	     2515
        0	     	        0	     	    63280	     	    32027	     	     2533
        0	     	        0	     	    64408	     	    36010	     	     2618
        0	     	        0	     	    63362	     	    32648	     	     2525
        0	     	        0	     	    62826	     	    31463	     	     2537
        0	     	        0	     	    61772	     	    31717	     	     2590
        0	     	        0	     	    62820	     	    31643	     	     2671
        0	     	        0	     	    63131	     	    32746	     	     2544
        0	     	        0	     	    62815	     	    30997	     	     2524
        0	     	        0	     	    63070	     	    31897	     	     2590
        0	     	        0	     	    63002	     	    31736	     	     2570
        0	     	        0	     	    63294	     	    32035	     	     2564
        0	     	        0	     	    64700	     	    36770	     	     2573
        0	     	        0	     	    63210	     	    31483	     	     2533
        0	     	        0	     	    63141	     	    32077	     	     2479
        0	     	        0	     	    62804	     	    31770	     	     2719
        0	     	        0	     	    62346	     	    31365	     	     2641
        0	     	        0	     	    63094	     	    31740	     	     2567
        0	     	        0	     	    64782	     	    37168	     	     2692
        0	     	        0	     	    62817	     	    32727	     	     2603
        0	     	        0	     	    62264	     	    30964	     	     2583
        0	     	        0	     	    62902	     	    32543	     	     2573
        0	     	        0	     	    62785	     	    32184	     	     2558
        0	     	        0	     	    62626	     	    30112	     	     2552
        0	     	        0	     	    62375	     	    32278	     	     2599
        0	     	        0	     	    62065	     	    32474	     	     2580
        0	     	        0	     	    64866	     	    35710	     	     2606
        0	     	        0	     	    62908	     	    32697	     	     2534
        0	     	        0	     	    62788	     	    31412	     	     2514
        0	     	        0	     	    63259	     	    31691	     	     2460
        0	     	        0	     	    63077	     	    32600	     	     2608
        0	     	        0	     	    62978	     	    31165	     	     2568
        0	     	        0	     	    63381	     	    32569	     	     2526
        0	     	        0	     	    63396	     	    31928	     	     2509
        0	     	        0	     	    62425	     	    32380	     	     2501
        0	     	        0	     	    62829	     	    32063	     	     2575
        0	     	        0	     	    65117	     	    35991	     	     2553
        0	     	        0	     	    62152	     	    32361	     	     2531
        0	     	        0	     	    62858	     	    31912	     	     2592
        0	     	        0	     	    63089	     	    31674	     	     2491
        0	     	        0	     	    63192	     	    32548	     	     2553
        0	     	        0	     	    63131	     	    31316	     	     2490
        0	     	        0	     	    65122	     	    37225	     	     2630
        0	     	        0	     	    62924	     	    32138	     	     2578
        0	     	        0	     	    63399	     	    33525	     	     2578
        0	     	        0	     	    63277	     	    32074	     	     2589
        0	     	        0	     	    64967	     	    36594	     	     2615
        0	     	        0	     	    62251	     	    30718	     	     2622
        0	     	        0	     	    63275	     	    32861	     	     2561
        0	     	        0	     	    62815	     	    31510	     	     2617
        0	     	        0	     	    62478	     	    32902	     	     2562
        0	     	        0	     	    62827	     	    32578	     	     2595
        0	     	        0	     	    62430	     	    32802	     	     2564
        0	     	        0	     	    62640	     	    31384	     	     2580
        0	     	        0	     	    62933	     	    30656	     	     2632
        0	     	        0	     	    64196	     	    31515	     	     2557
        0	     	        0	     	    63016	     	    32231	     	     2514
        0	     	        0	     	    63624	     	    32662	     	     2565
        0	     	        0	     	    63228	     	    31579	     	     2536
        0	     	        0	     	    62630	     	    32677	     	     2592
        0	     	        0	     	    64278	     	    36712	     	     2639
        0	     	        0	     	    63285	     	    32139	     	     2645
        0	     	        0	     	    63229	     	    31329	     	     2502
        0	     	        0	     	    63391	     	    32100	     	     2619
        0	     	        0	     	    63544	     	    32110	     	     2589
        0	     	        0	     	    63134	     	    31540	     	     2587
        0	     	        0	     	    63168	     	    31111	     	     2584
        0	     	        0	     	    63084	     	    31363	     	     2616
        0	     	        0	     	    63874	     	    31610	     	     2631
        0	     	        0	     	    63311	     	    31810	     	     2552
        0	     	        0	     	    63052	     	    32585	     	     2645
        0	     	        0	     	    63849	     	    32610	     	     2557
        0	     	        0	     	    62435	     	    31284	     	     2511
        0	     	        0	     	    63651	     	    32756	     	     2637
        0	     	        0	     	    64667	     	    35881	     	     2541
        0	     	        0	     	    62992	     	    31203	     	     2611
        0	     	        0	     	    62825	     	    32889	     	     2620
        0	     	        0	     	    63424	     	    31990	     	     2504
        0	     	        0	     	    65361	     	    35872	     	     2567
        0	     	        0	     	    62194	     	    32815	     	     2524
        0	     	        0	     	    62484	     	    32881	     	     2564
        0	     	        0	     	    62583	     	    32575	     	     2523
        0	     	        0	     	    61687	     	    32864	     	     2557
        0	     	        0	     	    62489	     	    32673	     	     2581
        0	     	        0	     	    62647	     	    32335	     	     2507
        0	     	        0	     	    63037	     	    32645	     	     2519
        0	     	        0	     	    62267	     	    32128	     	     2584
        0	     	        0	     	    62099	     	    32190	     	     2564
        0	     	        0	     	    62818	     	    31691	     	     2677
        0	     	        0	     	    63110	     	    33222	     	     2630
        0	     	        0	     	    62969	     	    31738	     	     2574
        0	     	        0	     	    63094	     	    31831	     	     2644
        0	     	        0	     	    62736	     	    32261	     	     2557
        0	     	        0	     	    62940	     	    32191	     	     2502
        0	     	        0	     	     1036	     	    40337	     	     2649
        0	     	        0	     	    63001	     	    32752	     	     2561
        0	     	        0	     	    63195	     	    31579	     	     2566
        0	     	        0	     	    63011	     	    32324	     	     2539
        0	     	        0	     	    63261	     	    31984	     	     2563
        0	     	        0	     	    62934	     	    31066	     	     2579
        0	     	        0	     	    62754	     	    30817	     	     2706
        0	     	        0	     	    63436	     	    32333	     	     2640
        0	     	        0	     	    63433	     	    30822	     	     2621
        0	     	        0	     	    63193	     	    30417	     	     2624
        0	     	        0	     	    62345	     	    31745	     	     2545
        0	     	        0	     	    63454	     	    32430	     	     2564
        0	     	        0	     	    63367	     	    30744	     	     2565
        0	     	        0	     	    62732	     	    31206	     	     2598
        0	     	        0	     	    62577	     	    31615	     	     2540
        0	     	        0	     	    62000	     	    32330	     	     2569
        0	     	        0	     	    63734	     	    33214	     	     2535
        0	     	        0	     	    62798	     	    31549	     	     2518
        0	     	        0	     	    62988	     	    32039	     	     2501
        0	     	        0	     	    64334	     	    33114	     	     2609
        0	     	        0	     	    62401	     	    31713	     	     2547
        0	     	        0	     	    62716	     	    31731	     	     2641
        0	     	        0	     	    62694	     	    30938	     	     2673
        0	     	        0	     	    62583	     	    31029	     	     2575
        0	     	        0	     	    63444	     	    31720	     	     2649
        0	     	        0	     	    63081	     	    31650	     	     2483
        0	     	        0	     	    63616	     	    33285	     	     2587
        0	     	        0	     	    62985	     	    32031	     	     2678
        0	     	        0	     	    62152	     	    31910	     	     2592
        0	     	        0	     	    62880	     	    32323	     	     2576
        0	     	        0	     	    62883	     	    31155	     	     2547
        0	     	        0	     	    62853	     	    32053	     	     2570
        0	     	        0	     	    62860	     	    32469	     	     2520
        0	     	        0	     	    62735	     	    31209	     	     2588
        0	     	        0	     	    62675	     	    31357	     	     2463
        0	     	        0	     	    63535	     	    30118	     	     2562
        0	     	        0	     	    62714	     	    31301	     	     2586
        0	     	        0	     	    62491	     	    32187	     	     2505
        0	     	        0	     	    62651	     	    32086	     	     2406
        0	     	        0	     	    62166	     	    31626	     	     2574
        0	     	        0	     	    63403	     	    32678	     	     2625
        0	     	        0	     	    63264	     	    32518	     	     2511
        0	     	        0	     	    63063	     	    33783	     	     2529
        0	     	        0	     	    62858	     	    32318	     	     2548
        0	     	        0	     	    63660	     	    31859	     	     2590
        0	     	        0	     	    62849	     	    32012	     	     2583
        0	     	        0	     	    62870	     	    32326	     	     2477
        0	     	        0	     	    62084	     	    31620	     	     2527
        0	     	        0	     	    62629	     	    31603	     	     2518
        0	     	        0	     	    63377	     	    31407	     	     2686
        0	     	        0	     	    62776	     	    31156	     	     2569
        0	     	        0	     	    62550	     	    31528	     	     2546
        0	     	        0	     	    63474	     	    31708	     	     2599
        0	     	        0	     	    63309	     	    32689	     	     2641
        0	     	        0	     	      986	     	    38801	     	     2487
        0	     	        0	     	    63263	     	    31864	     	     2578
        0	     	        0	     	    62298	     	    30933	     	     2644
        0	     	        0	     	    63449	     	    31876	     	     2711
